7891 9577 28559 2646 21899 19395 8769 28995 21242 12048 
2646 7891 8769 9577 12048 19395 21242 21899 28559 28995 
24
3792 27771 4584 1736 22369 31708 8133 17259 8196 4745 
1736 3792 4584 4745 8133 8196 17259 22369 27771 31708 
21
17726 25798 7143 16199 7438 1395 31434 13351 3351 16287 
1395 3351 7143 7438 13351 16199 16287 17726 25798 31434 
22
19122 29030 21937 20239 8674 6033 11074 5221 9479 9452 
5221 6033 8674 9452 9479 11074 19122 20239 21937 29030 
18
3599 23968 15795 8725 21585 6115 5388 485 6796 20087 
485 3599 5388 6115 6796 8725 15795 20087 21585 23968 
19
9926 14487 3612 6930 78 20012 17936 27482 72 28685 
72 78 3612 6930 9926 14487 17936 20012 27482 28685 
22
7740 16293 10812 17907 18570 18179 25228 3588 2193 31870 
2193 3588 7740 10812 16293 17907 18179 18570 25228 31870 
28
9898 17471 19817 10656 5511 22809 7613 29238 23631 15208 
5511 7613 9898 10656 15208 17471 19817 22809 23631 29238 
27
2593 19796 23379 14721 6566 3993 5959 32157 25772 27316 
2593 3993 5959 6566 14721 19796 23379 25772 27316 32157 
27
19117 10626 20984 1575 11153 21855 10759 5451 14711 30199 
1575 5451 10626 10759 11153 14711 19117 20984 21855 30199 
25
23.3
